RONDA DE EMPAREJAMIENTOS
Nuevos organismos : 2

RANKING
1 : 2 6
2 : 1 6
3 : 4 7
4 : 3 7
5 :
6 :
7 :

RONDA DE EMPAREJAMIENTOS
Nuevos organismos : 2

RANKING
1 : 2 6 3 8
3 : 4 7 1 8
2 : 1 6
4 : 3 7
5 : 6 9
6 : 5 9
7 :
8 :
9 :

ORGANISMOS
1 : 0 4 -1 0 
2 : 0 3 -1 0 5 -1 0 1 -1 0 8 1 0 9 -1 0 4 -1 0 
3 : 0 17 1 0 10 -1 0 8 -1 0 9 -1 0 7 1 0 2 -1 0 
4 : 0 1 -1 0 32 1 0 5 -1 0 8 -1 0 60 1 0 9 -1 0 6 -1 0 24 -1 0 20 -1 0 63 -1 0 7 1 0 4 -1 0 
5 : 0 20 -1 0 2 1 0 1 -1 0 3 -1 0 14 1 0 8 -1 0 7 1 0 9 -1 0 
6 : 0 4 -1 0 5 -1 0 7 1 0 6 -1 0 
7 : 0 10 -1 0 8 1 0 9 -1 0 18 -1 0 7 1 0 2 -1 0 
8 : 0 9 1 0 8 -1 0 7 -1 0 5 1 0 4 -1 0 
9 : 0 20 -1 0 2 1 0 1 -1 0 14 1 0 7 1 0 21 1 0 9 -1 0 

RONDA DE EMPAREJAMIENTOS
Nuevos organismos : 1

RANKING
1 : 2 6 3 8
3 : 4 7 1 8
4 : 3 7 5 10
5 : 6 9 4 10
2 : 1 6
6 : 5 9
7 :
8 :
9 :
10 :

ORGANISMOS
1 : 0 
2 : 0 3 -1 0 5 -1 0 1 -1 0 8 1 0 9 -1 0 4 -1 0 
3 : 0 17 1 0 10 -1 0 8 -1 0 9 -1 0 7 1 0 2 -1 0 
4 : 0 1 -1 0 32 1 0 5 -1 0 8 -1 0 60 1 0 9 -1 0 6 -1 0 24 -1 0 20 -1 0 63 -1 0 7 1 0 4 -1 0 
5 : 0 20 -1 0 2 1 0 1 -1 0 3 -1 0 14 1 0 8 -1 0 7 1 0 9 -1 0 
6 : 0 4 -1 0 5 -1 0 7 1 0 6 -1 0 
7 : 0 10 -1 0 8 1 0 9 -1 0 18 -1 0 7 1 0 2 -1 0 
8 : 0 9 1 0 8 -1 0 7 -1 0 5 1 0 4 -1 0 
9 : 0 20 -1 0 2 1 0 1 -1 0 14 1 0 7 1 0 21 1 0 9 -1 0 
10 : 0 32 1 0 5 -1 0 60 1 0 6 -1 0 24 -1 0 65 1 0 64 -1 0 20 1 0 63 -1 0 7 1 0 4 -1 0 

ORGANISMOS
5 : 0 
1 : 0 
2 : 0 
4 : 0 20 -1 0 
7 : 0 
9 : 0 
8 : 0 
6 : 0 
3 : 0 
10 : 0 

RONDA DE EMPAREJAMIENTOS
Nuevos organismos : 0

RANKING
1 : 2 6 3 8
3 : 4 7 1 8
4 : 3 7 5 10
5 : 6 9 4 10
2 : 1 6
6 : 5 9
7 :
8 :
9 :
10 :

FIN

Organismos en total : 10
Organismos vivos : 0

