RONDA DE EMPAREJAMIENTOS
Nuevos organismos : 1

RONDA DE EMPAREJAMIENTOS
Nuevos organismos : 1

RONDA DE EMPAREJAMIENTOS
Nuevos organismos : 2

RONDA DE EMPAREJAMIENTOS
Nuevos organismos : 3

RONDA DE EMPAREJAMIENTOS
Nuevos organismos : 4

RONDA DE EMPAREJAMIENTOS
Nuevos organismos : 6

RONDA DE EMPAREJAMIENTOS
Nuevos organismos : 9

ORGANISMOS
25 : 0 17 1 0 3 1 0 18 1 0 2 1 0 19 1 0 5 1 0 20 1 0 4 1 0 21 1 0 6 1 0 22 1 0 1 1 0 23 1 0 8 1 0 16 1 0 7 1 0 25 1 0 24 1 0 26 1 0 

RONDA DE EMPAREJAMIENTOS
Nuevos organismos : 14

RONDA DE EMPAREJAMIENTOS
Nuevos organismos : 21

RONDA DE EMPAREJAMIENTOS
Nuevos organismos : 31

RONDA DE EMPAREJAMIENTOS
Nuevos organismos : 47

RONDA DE EMPAREJAMIENTOS
Nuevos organismos : 70

RONDA DE EMPAREJAMIENTOS
Nuevos organismos : 105

RONDA DE EMPAREJAMIENTOS
Nuevos organismos : 82

FIN

Organismos en total : 400
Organismos vivos : 400

ORGANISMOS
319 : 0 9 1 0 3 1 0 10 1 0 2 1 0 11 1 0 5 1 0 12 1 0 4 1 0 13 1 0 6 1 0 14 1 0 1 1 0 15 1 0 8 1 0 17 1 0 16 1 0 18 1 0 7 1 0 20 1 0 19 1 0 21 1 0 
320 : 0 10 1 0 9 1 0 11 1 0 2 1 0 13 1 0 12 1 0 14 1 0 3 1 0 16 1 0 15 1 0 17 1 0 1 1 0 6 1 0 5 1 0 18 1 0 7 1 0 19 1 0 4 1 0 20 1 0 8 1 0 21 1 0 
321 : 0 8 1 0 3 1 0 9 1 0 2 1 0 16 1 0 10 1 0 17 1 0 4 1 0 18 1 0 11 1 0 19 1 0 1 1 0 12 1 0 6 1 0 20 1 0 13 1 0 21 1 0 5 1 0 14 1 0 7 1 0 15 1 0 
322 : 0 9 1 0 3 1 0 10 1 0 2 1 0 11 1 0 5 1 0 12 1 0 4 1 0 13 1 0 6 1 0 14 1 0 1 1 0 15 1 0 8 1 0 17 1 0 16 1 0 18 1 0 7 1 0 20 1 0 19 1 0 21 1 0 
323 : 0 9 1 0 3 1 0 10 1 0 2 1 0 11 1 0 5 1 0 12 1 0 4 1 0 13 1 0 6 1 0 14 1 0 1 1 0 15 1 0 8 1 0 16 1 0 7 1 0 18 1 0 17 1 0 19 1 0 
324 : 0 18 1 0 17 1 0 19 1 0 2 1 0 9 1 0 3 1 0 10 1 0 1 1 0 6 1 0 5 1 0 13 1 0 7 1 0 14 1 0 4 1 0 15 1 0 8 1 0 16 1 0 
325 : 0 9 1 0 3 1 0 10 1 0 2 1 0 11 1 0 5 1 0 12 1 0 4 1 0 13 1 0 6 1 0 14 1 0 1 1 0 15 1 0 8 1 0 17 1 0 16 1 0 18 1 0 7 1 0 20 1 0 19 1 0 21 1 0 
326 : 0 10 1 0 9 1 0 11 1 0 2 1 0 13 1 0 12 1 0 14 1 0 3 1 0 16 1 0 15 1 0 17 1 0 1 1 0 6 1 0 5 1 0 18 1 0 7 1 0 19 1 0 4 1 0 20 1 0 8 1 0 21 1 0 
327 : 0 8 1 0 3 1 0 9 1 0 2 1 0 16 1 0 10 1 0 17 1 0 4 1 0 18 1 0 11 1 0 19 1 0 1 1 0 12 1 0 6 1 0 20 1 0 13 1 0 21 1 0 5 1 0 14 1 0 7 1 0 15 1 0 
328 : 0 17 1 0 3 1 0 18 1 0 2 1 0 25 1 0 5 1 0 26 1 0 4 1 0 27 1 0 6 1 0 28 1 0 1 1 0 19 1 0 8 1 0 20 1 0 16 1 0 21 1 0 7 1 0 23 1 0 22 1 0 24 1 0 
329 : 0 18 1 0 17 1 0 19 1 0 2 1 0 20 1 0 9 1 0 21 1 0 3 1 0 22 1 0 10 1 0 23 1 0 1 1 0 6 1 0 5 1 0 13 1 0 7 1 0 14 1 0 4 1 0 15 1 0 8 1 0 16 1 0 
330 : 0 10 1 0 9 1 0 11 1 0 2 1 0 13 1 0 12 1 0 14 1 0 3 1 0 16 1 0 15 1 0 17 1 0 1 1 0 6 1 0 5 1 0 18 1 0 7 1 0 19 1 0 4 1 0 21 1 0 20 1 0 22 1 0 
331 : 0 9 1 0 3 1 0 10 1 0 2 1 0 11 1 0 5 1 0 12 1 0 4 1 0 13 1 0 6 1 0 14 1 0 1 1 0 15 1 0 8 1 0 17 1 0 16 1 0 18 1 0 7 1 0 20 1 0 19 1 0 21 1 0 
332 : 0 10 1 0 9 1 0 11 1 0 2 1 0 13 1 0 12 1 0 14 1 0 3 1 0 16 1 0 15 1 0 17 1 0 1 1 0 6 1 0 5 1 0 18 1 0 7 1 0 19 1 0 4 1 0 20 1 0 8 1 0 21 1 0 
333 : 0 17 1 0 3 1 0 18 1 0 2 1 0 25 1 0 5 1 0 26 1 0 4 1 0 27 1 0 6 1 0 28 1 0 1 1 0 19 1 0 8 1 0 20 1 0 16 1 0 21 1 0 7 1 0 23 1 0 22 1 0 24 1 0 
334 : 0 9 1 0 3 1 0 10 1 0 2 1 0 11 1 0 5 1 0 12 1 0 4 1 0 13 1 0 6 1 0 14 1 0 1 1 0 15 1 0 8 1 0 17 1 0 16 1 0 18 1 0 7 1 0 20 1 0 19 1 0 21 1 0 
335 : 0 10 1 0 9 1 0 11 1 0 2 1 0 13 1 0 12 1 0 14 1 0 3 1 0 16 1 0 15 1 0 17 1 0 1 1 0 6 1 0 5 1 0 18 1 0 7 1 0 19 1 0 4 1 0 20 1 0 8 1 0 21 1 0 
336 : 0 8 1 0 3 1 0 9 1 0 2 1 0 16 1 0 10 1 0 17 1 0 4 1 0 18 1 0 11 1 0 19 1 0 1 1 0 12 1 0 6 1 0 20 1 0 13 1 0 21 1 0 5 1 0 14 1 0 7 1 0 15 1 0 
337 : 0 10 1 0 9 1 0 11 1 0 2 1 0 13 1 0 12 1 0 14 1 0 3 1 0 16 1 0 15 1 0 17 1 0 1 1 0 6 1 0 5 1 0 18 1 0 7 1 0 19 1 0 4 1 0 20 1 0 8 1 0 21 1 0 
338 : 0 8 1 0 3 1 0 9 1 0 2 1 0 16 1 0 10 1 0 17 1 0 4 1 0 18 1 0 11 1 0 19 1 0 1 1 0 12 1 0 6 1 0 20 1 0 13 1 0 21 1 0 5 1 0 14 1 0 7 1 0 15 1 0 
339 : 0 10 1 0 9 1 0 11 1 0 2 1 0 13 1 0 12 1 0 14 1 0 3 1 0 16 1 0 15 1 0 17 1 0 1 1 0 6 1 0 5 1 0 18 1 0 7 1 0 19 1 0 4 1 0 21 1 0 20 1 0 22 1 0 
340 : 0 9 1 0 3 1 0 10 1 0 2 1 0 11 1 0 5 1 0 12 1 0 4 1 0 13 1 0 6 1 0 14 1 0 1 1 0 15 1 0 8 1 0 17 1 0 16 1 0 18 1 0 7 1 0 20 1 0 19 1 0 21 1 0 
341 : 0 12 1 0 9 1 0 13 1 0 2 1 0 14 1 0 10 1 0 15 1 0 3 1 0 16 1 0 11 1 0 17 1 0 1 1 0 18 1 0 5 1 0 7 1 0 4 1 0 20 1 0 19 1 0 21 1 0 
342 : 0 9 1 0 3 1 0 10 1 0 2 1 0 11 1 0 5 1 0 12 1 0 4 1 0 13 1 0 6 1 0 14 1 0 1 1 0 15 1 0 8 1 0 20 1 0 16 1 0 21 1 0 7 1 0 18 1 0 17 1 0 19 1 0 
343 : 0 10 1 0 9 1 0 11 1 0 2 1 0 13 1 0 12 1 0 14 1 0 3 1 0 16 1 0 15 1 0 17 1 0 1 1 0 6 1 0 5 1 0 18 1 0 7 1 0 19 1 0 4 1 0 21 1 0 20 1 0 22 1 0 
344 : 0 8 1 0 3 1 0 9 1 0 2 1 0 16 1 0 10 1 0 17 1 0 4 1 0 18 1 0 11 1 0 19 1 0 1 1 0 12 1 0 6 1 0 20 1 0 13 1 0 21 1 0 5 1 0 14 1 0 7 1 0 15 1 0 
345 : 0 17 1 0 3 1 0 18 1 0 2 1 0 19 1 0 5 1 0 20 1 0 4 1 0 21 1 0 6 1 0 22 1 0 1 1 0 23 1 0 8 1 0 24 1 0 16 1 0 25 1 0 7 1 0 27 1 0 26 1 0 28 1 0 
346 : 0 10 1 0 9 1 0 11 1 0 2 1 0 13 1 0 12 1 0 14 1 0 3 1 0 16 1 0 15 1 0 17 1 0 1 1 0 6 1 0 5 1 0 18 1 0 7 1 0 19 1 0 4 1 0 21 1 0 20 1 0 22 1 0 
347 : 0 8 1 0 3 1 0 9 1 0 2 1 0 16 1 0 10 1 0 17 1 0 4 1 0 18 1 0 11 1 0 19 1 0 1 1 0 12 1 0 6 1 0 20 1 0 13 1 0 21 1 0 5 1 0 14 1 0 7 1 0 15 1 0 
348 : 0 9 1 0 3 1 0 10 1 0 2 1 0 11 1 0 5 1 0 12 1 0 4 1 0 13 1 0 6 1 0 14 1 0 1 1 0 15 1 0 8 1 0 17 1 0 16 1 0 18 1 0 7 1 0 20 1 0 19 1 0 21 1 0 
349 : 0 8 1 0 3 1 0 9 1 0 2 1 0 18 1 0 10 1 0 19 1 0 4 1 0 20 1 0 11 1 0 21 1 0 1 1 0 12 1 0 6 1 0 16 1 0 13 1 0 17 1 0 5 1 0 14 1 0 7 1 0 15 1 0 
350 : 0 10 1 0 9 1 0 11 1 0 2 1 0 13 1 0 12 1 0 14 1 0 3 1 0 16 1 0 15 1 0 17 1 0 1 1 0 6 1 0 5 1 0 18 1 0 7 1 0 19 1 0 4 1 0 21 1 0 20 1 0 22 1 0 
351 : 0 9 1 0 3 1 0 10 1 0 2 1 0 11 1 0 5 1 0 12 1 0 4 1 0 13 1 0 6 1 0 14 1 0 1 1 0 15 1 0 8 1 0 17 1 0 16 1 0 18 1 0 7 1 0 20 1 0 19 1 0 21 1 0 
352 : 0 9 1 0 3 1 0 10 1 0 2 1 0 11 1 0 5 1 0 12 1 0 4 1 0 13 1 0 6 1 0 14 1 0 1 1 0 15 1 0 8 1 0 17 1 0 16 1 0 18 1 0 7 1 0 20 1 0 19 1 0 21 1 0 
353 : 0 9 1 0 3 1 0 10 1 0 2 1 0 11 1 0 5 1 0 12 1 0 4 1 0 13 1 0 6 1 0 14 1 0 1 1 0 15 1 0 8 1 0 20 1 0 16 1 0 21 1 0 7 1 0 18 1 0 17 1 0 19 1 0 
354 : 0 9 1 0 3 1 0 10 1 0 2 1 0 11 1 0 5 1 0 12 1 0 4 1 0 13 1 0 6 1 0 14 1 0 1 1 0 15 1 0 8 1 0 17 1 0 16 1 0 18 1 0 7 1 0 20 1 0 19 1 0 21 1 0 
355 : 0 17 1 0 3 1 0 18 1 0 2 1 0 25 1 0 5 1 0 26 1 0 4 1 0 27 1 0 6 1 0 28 1 0 1 1 0 19 1 0 8 1 0 20 1 0 16 1 0 21 1 0 7 1 0 23 1 0 22 1 0 24 1 0 
356 : 0 8 1 0 3 1 0 9 1 0 2 1 0 16 1 0 10 1 0 17 1 0 4 1 0 18 1 0 11 1 0 19 1 0 1 1 0 12 1 0 6 1 0 20 1 0 13 1 0 21 1 0 5 1 0 14 1 0 7 1 0 15 1 0 
357 : 0 10 1 0 9 1 0 11 1 0 2 1 0 13 1 0 12 1 0 14 1 0 3 1 0 16 1 0 15 1 0 17 1 0 1 1 0 6 1 0 5 1 0 18 1 0 7 1 0 19 1 0 4 1 0 21 1 0 20 1 0 22 1 0 
358 : 0 10 1 0 9 1 0 11 1 0 2 1 0 13 1 0 12 1 0 14 1 0 3 1 0 16 1 0 15 1 0 17 1 0 1 1 0 6 1 0 5 1 0 18 1 0 7 1 0 19 1 0 4 1 0 20 1 0 8 1 0 21 1 0 
359 : 0 9 1 0 3 1 0 10 1 0 2 1 0 11 1 0 5 1 0 12 1 0 4 1 0 13 1 0 6 1 0 14 1 0 1 1 0 15 1 0 8 1 0 20 1 0 16 1 0 21 1 0 7 1 0 18 1 0 17 1 0 19 1 0 
360 : 0 10 1 0 9 1 0 11 1 0 2 1 0 13 1 0 12 1 0 14 1 0 3 1 0 16 1 0 15 1 0 17 1 0 1 1 0 6 1 0 5 1 0 18 1 0 7 1 0 19 1 0 4 1 0 21 1 0 20 1 0 22 1 0 
361 : 0 10 1 0 9 1 0 11 1 0 2 1 0 13 1 0 12 1 0 14 1 0 3 1 0 16 1 0 15 1 0 17 1 0 1 1 0 6 1 0 5 1 0 18 1 0 7 1 0 19 1 0 4 1 0 21 1 0 20 1 0 22 1 0 
362 : 0 9 1 0 3 1 0 10 1 0 2 1 0 11 1 0 5 1 0 12 1 0 4 1 0 13 1 0 6 1 0 14 1 0 1 1 0 15 1 0 8 1 0 20 1 0 16 1 0 21 1 0 7 1 0 18 1 0 17 1 0 19 1 0 
363 : 0 8 1 0 3 1 0 9 1 0 2 1 0 16 1 0 10 1 0 17 1 0 4 1 0 18 1 0 11 1 0 19 1 0 1 1 0 12 1 0 6 1 0 20 1 0 13 1 0 21 1 0 5 1 0 14 1 0 7 1 0 15 1 0 
364 : 0 10 1 0 9 1 0 11 1 0 2 1 0 13 1 0 12 1 0 14 1 0 3 1 0 16 1 0 15 1 0 17 1 0 1 1 0 6 1 0 5 1 0 18 1 0 7 1 0 19 1 0 4 1 0 21 1 0 20 1 0 22 1 0 
365 : 0 9 1 0 3 1 0 10 1 0 2 1 0 11 1 0 5 1 0 12 1 0 4 1 0 13 1 0 6 1 0 14 1 0 1 1 0 15 1 0 8 1 0 17 1 0 16 1 0 18 1 0 7 1 0 20 1 0 19 1 0 21 1 0 
366 : 0 9 1 0 3 1 0 10 1 0 2 1 0 11 1 0 5 1 0 12 1 0 4 1 0 13 1 0 6 1 0 14 1 0 1 1 0 15 1 0 8 1 0 20 1 0 16 1 0 21 1 0 7 1 0 18 1 0 17 1 0 19 1 0 
367 : 0 10 1 0 9 1 0 11 1 0 2 1 0 18 1 0 12 1 0 19 1 0 3 1 0 20 1 0 13 1 0 21 1 0 1 1 0 6 1 0 5 1 0 14 1 0 7 1 0 15 1 0 4 1 0 16 1 0 8 1 0 17 1 0 
368 : 0 9 1 0 3 1 0 10 1 0 2 1 0 11 1 0 5 1 0 12 1 0 4 1 0 13 1 0 6 1 0 14 1 0 1 1 0 15 1 0 8 1 0 20 1 0 16 1 0 21 1 0 7 1 0 18 1 0 17 1 0 19 1 0 
369 : 0 18 1 0 17 1 0 19 1 0 2 1 0 20 1 0 9 1 0 21 1 0 3 1 0 22 1 0 10 1 0 23 1 0 1 1 0 6 1 0 5 1 0 13 1 0 7 1 0 14 1 0 4 1 0 15 1 0 8 1 0 16 1 0 
370 : 0 8 1 0 3 1 0 9 1 0 2 1 0 16 1 0 10 1 0 17 1 0 4 1 0 18 1 0 11 1 0 19 1 0 1 1 0 12 1 0 6 1 0 20 1 0 13 1 0 21 1 0 5 1 0 14 1 0 7 1 0 15 1 0 
371 : 0 10 1 0 9 1 0 11 1 0 2 1 0 13 1 0 12 1 0 14 1 0 3 1 0 16 1 0 15 1 0 17 1 0 1 1 0 6 1 0 5 1 0 18 1 0 7 1 0 19 1 0 4 1 0 21 1 0 20 1 0 22 1 0 
372 : 0 18 1 0 17 1 0 19 1 0 2 1 0 20 1 0 9 1 0 21 1 0 3 1 0 22 1 0 10 1 0 23 1 0 1 1 0 6 1 0 5 1 0 13 1 0 7 1 0 14 1 0 4 1 0 15 1 0 8 1 0 16 1 0 
373 : 0 10 1 0 9 1 0 11 1 0 2 1 0 13 1 0 12 1 0 14 1 0 3 1 0 16 1 0 15 1 0 17 1 0 1 1 0 6 1 0 5 1 0 18 1 0 7 1 0 19 1 0 4 1 0 20 1 0 8 1 0 21 1 0 
374 : 0 9 1 0 3 1 0 10 1 0 2 1 0 11 1 0 5 1 0 12 1 0 4 1 0 13 1 0 6 1 0 14 1 0 1 1 0 15 1 0 8 1 0 17 1 0 16 1 0 18 1 0 7 1 0 20 1 0 19 1 0 21 1 0 
375 : 0 8 1 0 3 1 0 9 1 0 2 1 0 16 1 0 10 1 0 17 1 0 4 1 0 18 1 0 11 1 0 19 1 0 1 1 0 12 1 0 6 1 0 20 1 0 13 1 0 21 1 0 5 1 0 14 1 0 7 1 0 15 1 0 
376 : 0 17 1 0 3 1 0 18 1 0 2 1 0 19 1 0 5 1 0 20 1 0 4 1 0 21 1 0 6 1 0 22 1 0 1 1 0 23 1 0 8 1 0 27 1 0 16 1 0 28 1 0 7 1 0 25 1 0 24 1 0 26 1 0 
377 : 0 9 1 0 3 1 0 10 1 0 2 1 0 11 1 0 5 1 0 12 1 0 4 1 0 13 1 0 6 1 0 14 1 0 1 1 0 15 1 0 8 1 0 17 1 0 16 1 0 18 1 0 7 1 0 20 1 0 19 1 0 21 1 0 
378 : 0 8 1 0 3 1 0 9 1 0 2 1 0 16 1 0 10 1 0 17 1 0 4 1 0 18 1 0 11 1 0 19 1 0 1 1 0 12 1 0 6 1 0 20 1 0 13 1 0 21 1 0 5 1 0 14 1 0 7 1 0 15 1 0 
379 : 0 17 1 0 3 1 0 18 1 0 2 1 0 19 1 0 5 1 0 20 1 0 4 1 0 21 1 0 6 1 0 22 1 0 1 1 0 23 1 0 8 1 0 24 1 0 16 1 0 25 1 0 7 1 0 27 1 0 26 1 0 28 1 0 
380 : 0 9 1 0 3 1 0 10 1 0 2 1 0 11 1 0 5 1 0 12 1 0 4 1 0 13 1 0 6 1 0 14 1 0 1 1 0 15 1 0 8 1 0 17 1 0 16 1 0 18 1 0 7 1 0 20 1 0 19 1 0 21 1 0 
381 : 0 8 1 0 3 1 0 9 1 0 2 1 0 18 1 0 10 1 0 19 1 0 4 1 0 20 1 0 11 1 0 21 1 0 1 1 0 12 1 0 6 1 0 16 1 0 13 1 0 17 1 0 5 1 0 14 1 0 7 1 0 15 1 0 
382 : 0 10 1 0 9 1 0 11 1 0 2 1 0 13 1 0 12 1 0 14 1 0 3 1 0 16 1 0 15 1 0 17 1 0 1 1 0 6 1 0 5 1 0 20 1 0 7 1 0 21 1 0 4 1 0 18 1 0 8 1 0 19 1 0 
383 : 0 9 1 0 3 1 0 10 1 0 2 1 0 11 1 0 5 1 0 12 1 0 4 1 0 13 1 0 6 1 0 14 1 0 1 1 0 15 1 0 8 1 0 17 1 0 16 1 0 18 1 0 7 1 0 20 1 0 19 1 0 21 1 0 
384 : 0 18 1 0 17 1 0 19 1 0 2 1 0 20 1 0 9 1 0 21 1 0 3 1 0 22 1 0 10 1 0 23 1 0 1 1 0 6 1 0 5 1 0 13 1 0 7 1 0 14 1 0 4 1 0 15 1 0 8 1 0 16 1 0 
385 : 0 8 1 0 3 1 0 9 1 0 2 1 0 16 1 0 10 1 0 17 1 0 4 1 0 18 1 0 11 1 0 19 1 0 1 1 0 12 1 0 6 1 0 20 1 0 13 1 0 21 1 0 5 1 0 14 1 0 7 1 0 15 1 0 
386 : 0 10 1 0 9 1 0 11 1 0 2 1 0 13 1 0 12 1 0 14 1 0 3 1 0 16 1 0 15 1 0 17 1 0 1 1 0 6 1 0 5 1 0 18 1 0 7 1 0 19 1 0 4 1 0 21 1 0 20 1 0 22 1 0 
387 : 0 10 1 0 9 1 0 11 1 0 2 1 0 13 1 0 12 1 0 14 1 0 3 1 0 16 1 0 15 1 0 17 1 0 1 1 0 6 1 0 5 1 0 18 1 0 7 1 0 19 1 0 4 1 0 21 1 0 20 1 0 22 1 0 
388 : 0 17 1 0 3 1 0 18 1 0 2 1 0 25 1 0 5 1 0 26 1 0 4 1 0 27 1 0 6 1 0 28 1 0 1 1 0 19 1 0 8 1 0 20 1 0 16 1 0 21 1 0 7 1 0 23 1 0 22 1 0 24 1 0 
389 : 0 10 1 0 9 1 0 11 1 0 2 1 0 13 1 0 12 1 0 14 1 0 3 1 0 16 1 0 15 1 0 17 1 0 1 1 0 6 1 0 5 1 0 18 1 0 7 1 0 19 1 0 4 1 0 21 1 0 20 1 0 22 1 0 
390 : 0 10 1 0 9 1 0 11 1 0 2 1 0 13 1 0 12 1 0 14 1 0 3 1 0 16 1 0 15 1 0 17 1 0 1 1 0 6 1 0 5 1 0 18 1 0 7 1 0 19 1 0 4 1 0 20 1 0 8 1 0 21 1 0 
391 : 0 8 1 0 3 1 0 9 1 0 2 1 0 16 1 0 10 1 0 17 1 0 4 1 0 18 1 0 11 1 0 19 1 0 1 1 0 12 1 0 6 1 0 20 1 0 13 1 0 21 1 0 5 1 0 14 1 0 7 1 0 15 1 0 
392 : 0 18 1 0 17 1 0 19 1 0 2 1 0 20 1 0 9 1 0 21 1 0 3 1 0 22 1 0 10 1 0 23 1 0 1 1 0 6 1 0 5 1 0 13 1 0 7 1 0 14 1 0 4 1 0 15 1 0 8 1 0 16 1 0 
393 : 0 9 1 0 3 1 0 10 1 0 2 1 0 11 1 0 5 1 0 12 1 0 4 1 0 13 1 0 6 1 0 14 1 0 1 1 0 15 1 0 8 1 0 17 1 0 16 1 0 18 1 0 7 1 0 20 1 0 19 1 0 21 1 0 
394 : 0 17 1 0 3 1 0 18 1 0 2 1 0 25 1 0 5 1 0 26 1 0 4 1 0 27 1 0 6 1 0 28 1 0 1 1 0 19 1 0 8 1 0 20 1 0 16 1 0 21 1 0 7 1 0 23 1 0 22 1 0 24 1 0 
395 : 0 18 1 0 17 1 0 19 1 0 2 1 0 20 1 0 9 1 0 21 1 0 3 1 0 22 1 0 10 1 0 23 1 0 1 1 0 6 1 0 5 1 0 13 1 0 7 1 0 14 1 0 4 1 0 15 1 0 8 1 0 16 1 0 
396 : 0 10 1 0 9 1 0 11 1 0 2 1 0 13 1 0 12 1 0 14 1 0 3 1 0 16 1 0 15 1 0 17 1 0 1 1 0 6 1 0 5 1 0 18 1 0 7 1 0 19 1 0 4 1 0 20 1 0 8 1 0 21 1 0 
397 : 0 17 1 0 3 1 0 18 1 0 2 1 0 25 1 0 5 1 0 26 1 0 4 1 0 27 1 0 6 1 0 28 1 0 1 1 0 19 1 0 8 1 0 20 1 0 16 1 0 21 1 0 7 1 0 23 1 0 22 1 0 24 1 0 
398 : 0 8 1 0 3 1 0 9 1 0 2 1 0 16 1 0 10 1 0 17 1 0 4 1 0 18 1 0 11 1 0 19 1 0 1 1 0 12 1 0 6 1 0 20 1 0 13 1 0 21 1 0 5 1 0 14 1 0 7 1 0 15 1 0 
399 : 0 10 1 0 9 1 0 11 1 0 2 1 0 13 1 0 12 1 0 14 1 0 3 1 0 16 1 0 15 1 0 17 1 0 1 1 0 6 1 0 5 1 0 18 1 0 7 1 0 19 1 0 4 1 0 20 1 0 8 1 0 21 1 0 
400 : 0 9 1 0 3 1 0 10 1 0 2 1 0 11 1 0 5 1 0 12 1 0 4 1 0 13 1 0 6 1 0 14 1 0 1 1 0 15 1 0 8 1 0 17 1 0 16 1 0 18 1 0 7 1 0 20 1 0 19 1 0 21 1 0 

RANKING
1 : 2 5 3 6 5 9 6 12 7 16 8 22 9 31 10 45 11 66 12 97 13 144 14 214 15 319
2 : 1 5 3 7 6 10 5 13 8 17 7 23 10 32 9 46 12 67 11 98 14 145 13 215 16 320
3 : 1 6 2 7 7 11 8 14 5 18 6 24 11 33 12 47 9 68 10 99 15 146 16 216 13 321
5 : 6 8 1 9 2 13 3 18 7 34 8 48 13 69 14 100 9 147 10 217 11 322
6 : 5 8 2 10 1 12 3 24 8 35 7 49 14 70 13 101 10 148 9 218 12 323
7 : 3 11 1 16 2 23 5 34 6 49 8 71 15 102 11 149 12 219 9 324
8 : 3 14 2 17 1 22 6 35 5 48 7 71 16 103 12 150 11 220 10 325
9 : 10 15 11 19 12 25 1 31 2 46 3 68 5 147 6 218 7 324
10 : 9 15 12 20 11 26 2 32 1 45 3 99 6 148 5 217 8 325
13 : 14 21 15 27 16 36 17 50 5 69 6 101 1 144 2 215 3 321
11 : 9 19 10 26 3 33 1 66 2 98 7 149 8 220 5 322
12 : 10 20 9 25 3 47 2 67 1 97 8 150 7 219 6 323
14 : 13 21 16 28 15 37 18 51 6 70 5 100 2 145 1 214
17 : 18 29 19 38 13 50 15 72 20 104 21 151 22 221 23 326
18 : 17 29 20 39 14 51 16 73 19 105 22 152 21 222 24 327
19 : 20 30 17 38 21 53 22 74 18 105 23 153 24 223 25 328
20 : 19 30 18 39 22 54 21 75 17 104 24 154 23 224 26 329
15 : 13 27 14 37 16 52 17 72 7 102 3 146 1 319
16 : 14 28 13 36 15 52 18 73 8 103 3 216 2 320
21 : 22 40 19 53 20 75 23 106 17 151 18 222 27 330
22 : 21 40 20 54 19 74 24 107 18 152 17 221 28 331
23 : 24 41 25 55 26 76 21 106 19 153 20 224 17 326
24 : 23 41 26 56 25 77 22 107 20 154 19 223 18 327
25 : 26 42 23 55 24 77 27 108 28 155 29 225 19 328
26 : 25 42 24 56 23 76 28 109 27 156 30 226 20 329
27 : 28 43 29 57 30 78 25 108 26 156 31 227 21 330
28 : 27 43 30 58 29 79 26 109 25 155 32 228 22 331
29 : 30 44 27 57 28 79 31 110 32 157 25 225 33 332
30 : 29 44 28 58 27 78 32 111 31 158 26 226 34 333
31 : 32 59 33 80 29 110 30 158 27 227 35 334
32 : 31 59 34 81 30 111 29 157 28 228 36 335
33 : 34 60 31 80 35 112 36 159 37 229 29 332
34 : 33 60 32 81 36 113 35 160 38 230 30 333
35 : 36 61 37 82 33 112 34 160 39 231 31 334
36 : 35 61 38 83 34 113 33 159 40 232 32 335
37 : 38 62 35 82 39 114 40 161 33 229 41 336
38 : 37 62 36 83 40 115 39 162 34 230 42 337
39 : 40 63 41 84 37 114 38 162 35 231 43 338
40 : 39 63 42 85 38 115 37 161 36 232 44 339
41 : 42 64 39 84 43 116 44 163 45 233 37 336
42 : 41 64 40 85 44 117 43 164 46 234 38 337
43 : 44 65 45 86 41 116 42 164 47 235 39 338
44 : 43 65 46 87 42 117 41 163 48 236 40 339
45 : 43 86 46 118 47 165 41 233 48 340
46 : 44 87 45 118 48 166 42 234 47 341
47 : 48 88 49 119 45 165 43 235 46 341
48 : 47 88 50 120 46 166 44 236 45 340
49 : 50 89 47 119 51 167 52 237 53 342
50 : 49 89 48 120 52 168 51 238 54 343
51 : 52 90 53 121 49 167 50 238 55 344
52 : 51 90 54 122 50 168 49 237 56 345
53 : 54 91 51 121 55 169 56 239 49 342
54 : 53 91 52 122 56 170 55 240 50 343
55 : 56 92 57 123 53 169 54 240 51 344
56 : 55 92 58 124 54 170 53 239 52 345
57 : 58 93 55 123 59 171 60 241 61 346
58 : 57 93 56 124 60 172 59 242 62 347
59 : 60 94 61 125 57 171 58 242 63 348
60 : 59 94 62 126 58 172 57 241 64 349
61 : 62 95 59 125 63 173 64 243 57 346
62 : 61 95 60 126 64 174 63 244 58 347
63 : 64 96 65 127 61 173 62 244 59 348
64 : 63 96 66 128 62 174 61 243 60 349
65 : 63 127 66 175 67 245 68 350
66 : 64 128 65 175 68 246 67 351
67 : 68 129 69 176 65 245 66 351
68 : 67 129 70 177 66 246 65 350
69 : 70 130 67 176 71 247 72 352
70 : 69 130 68 177 72 248 71 353
71 : 72 131 73 178 69 247 70 353
72 : 71 131 74 179 70 248 69 352
73 : 74 132 71 178 75 249 76 354
74 : 73 132 72 179 76 250 75 355
75 : 76 133 77 180 73 249 74 355
76 : 75 133 78 181 74 250 73 354
77 : 78 134 75 180 79 251 80 356
78 : 77 134 76 181 80 252 79 357
79 : 80 135 81 182 77 251 78 357
80 : 79 135 82 183 78 252 77 356
81 : 82 136 79 182 83 253 84 358
82 : 81 136 80 183 84 254 83 359
83 : 84 137 85 184 81 253 82 359
84 : 83 137 86 185 82 254 81 358
85 : 86 138 83 184 87 255 88 360
86 : 85 138 84 185 88 256 87 361
87 : 88 139 89 186 85 255 86 361
88 : 87 139 90 187 86 256 85 360
89 : 90 140 87 186 91 257 92 362
90 : 89 140 88 187 92 258 91 363
91 : 92 141 93 188 89 257 90 363
92 : 91 141 94 189 90 258 89 362
93 : 94 142 91 188 95 259 96 364
94 : 93 142 92 189 96 260 95 365
95 : 96 143 97 190 93 259 94 365
96 : 95 143 98 191 94 260 93 364
97 : 95 190 98 261 99 366
98 : 96 191 97 261 100 367
99 : 100 192 101 262 97 366
100 : 99 192 102 263 98 367
101 : 102 193 99 262 103 368
102 : 101 193 100 263 104 369
103 : 104 194 105 264 101 368
104 : 103 194 106 265 102 369
105 : 106 195 103 264 107 370
106 : 105 195 104 265 108 371
107 : 108 196 109 266 105 370
108 : 107 196 110 267 106 371
109 : 110 197 107 266 111 372
110 : 109 197 108 267 112 373
111 : 112 198 113 268 109 372
112 : 111 198 114 269 110 373
113 : 114 199 111 268 115 374
114 : 113 199 112 269 116 375
115 : 116 200 117 270 113 374
116 : 115 200 118 271 114 375
117 : 118 201 115 270 119 376
118 : 117 201 116 271 120 377
119 : 120 202 121 272 117 376
120 : 119 202 122 273 118 377
121 : 122 203 119 272 123 378
122 : 121 203 120 273 124 379
123 : 124 204 125 274 121 378
124 : 123 204 126 275 122 379
125 : 126 205 123 274 127 380
126 : 125 205 124 275 128 381
127 : 128 206 129 276 125 380
128 : 127 206 130 277 126 381
129 : 130 207 127 276 131 382
130 : 129 207 128 277 132 383
131 : 132 208 133 278 129 382
132 : 131 208 134 279 130 383
133 : 134 209 131 278 135 384
134 : 133 209 132 279 136 385
135 : 136 210 137 280 133 384
136 : 135 210 138 281 134 385
137 : 138 211 135 280 139 386
138 : 137 211 136 281 140 387
139 : 140 212 141 282 137 386
140 : 139 212 142 283 138 387
141 : 142 213 139 282 143 388
142 : 141 213 140 283 144 389
143 : 144 284 141 388
144 : 143 284 142 389
145 : 146 285 147 390
146 : 145 285 148 391
147 : 148 286 145 390
148 : 147 286 146 391
149 : 150 287 151 392
150 : 149 287 152 393
151 : 152 288 149 392
152 : 151 288 150 393
153 : 154 289 155 394
154 : 153 289 156 395
155 : 156 290 153 394
156 : 155 290 154 395
157 : 158 291 159 396
158 : 157 291 160 397
159 : 160 292 157 396
160 : 159 292 158 397
161 : 162 293 163 398
162 : 161 293 164 399
163 : 164 294 161 398
164 : 163 294 162 399
165 : 166 295 167 400
167 : 168 296 165 400
166 : 165 295
168 : 167 296
169 : 170 297
170 : 169 297
171 : 172 298
172 : 171 298
173 : 174 299
174 : 173 299
175 : 176 300
176 : 175 300
177 : 178 301
178 : 177 301
179 : 180 302
180 : 179 302
181 : 182 303
182 : 181 303
183 : 184 304
184 : 183 304
185 : 186 305
186 : 185 305
187 : 188 306
188 : 187 306
189 : 190 307
190 : 189 307
191 : 192 308
192 : 191 308
193 : 194 309
194 : 193 309
195 : 196 310
196 : 195 310
197 : 198 311
198 : 197 311
199 : 200 312
200 : 199 312
201 : 202 313
202 : 201 313
203 : 204 314
204 : 203 314
205 : 206 315
206 : 205 315
207 : 208 316
208 : 207 316
209 : 210 317
210 : 209 317
211 : 212 318
212 : 211 318
4 :
213 :
214 :
215 :
216 :
217 :
218 :
219 :
220 :
221 :
222 :
223 :
224 :
225 :
226 :
227 :
228 :
229 :
230 :
231 :
232 :
233 :
234 :
235 :
236 :
237 :
238 :
239 :
240 :
241 :
242 :
243 :
244 :
245 :
246 :
247 :
248 :
249 :
250 :
251 :
252 :
253 :
254 :
255 :
256 :
257 :
258 :
259 :
260 :
261 :
262 :
263 :
264 :
265 :
266 :
267 :
268 :
269 :
270 :
271 :
272 :
273 :
274 :
275 :
276 :
277 :
278 :
279 :
280 :
281 :
282 :
283 :
284 :
285 :
286 :
287 :
288 :
289 :
290 :
291 :
292 :
293 :
294 :
295 :
296 :
297 :
298 :
299 :
300 :
301 :
302 :
303 :
304 :
305 :
306 :
307 :
308 :
309 :
310 :
311 :
312 :
313 :
314 :
315 :
316 :
317 :
318 :
319 :
320 :
321 :
322 :
323 :
324 :
325 :
326 :
327 :
328 :
329 :
330 :
331 :
332 :
333 :
334 :
335 :
336 :
337 :
338 :
339 :
340 :
341 :
342 :
343 :
344 :
345 :
346 :
347 :
348 :
349 :
350 :
351 :
352 :
353 :
354 :
355 :
356 :
357 :
358 :
359 :
360 :
361 :
362 :
363 :
364 :
365 :
366 :
367 :
368 :
369 :
370 :
371 :
372 :
373 :
374 :
375 :
376 :
377 :
378 :
379 :
380 :
381 :
382 :
383 :
384 :
385 :
386 :
387 :
388 :
389 :
390 :
391 :
392 :
393 :
394 :
395 :
396 :
397 :
398 :
399 :
400 :

