5
50
1 false 2 false 4 false 0 0 5 false 8 false 0 0 12 false 9 false 0 0 10 false 0 0 7 false 6 false 0 0 3 false 13 false 0 0 11 false 0 0
10 false 21 false 41 false 101 false 0 0 102 false 105 false 0 0 106 false 0 0 51 false 0 0 31 false 61 false 103 false 107 false 0 0 108 false 0 0 104 false 0 0 71 false 0 0
1 false 2 false 4 false 0 0 5 false 8 true 0 0 12 true 9 false 0 0 10 false 0 0 7 false 6 false 0 0 3 false 13 false 0 0 11 false 0 0
10 false 21 false 41 false 101 false 0 0 102 true 105 false 0 0 106 false 0 0 51 false 0 0 31 false 61 false 103 true 107 true 0 0 108 true 0 0 104 true 0 0 71 false 0 0
1 false 2 false 4 false 0 0 5 false 0 7 false 0 0 0

-3
-4
-5 2 5 6

-3
-4
-5 9 7 8 9 10 11 12 13 14 15

-2 1 4
-2 1 4
-2 1 4
-2 1 4
-2 1 4

-3
-4
-5 9 7 8 9 10 11 12 13 14 15

-2 2 7 9
-2 2 7 9
-2 2 7 9
-2 3 1 7 9
-2 3 1 7 9
-2 3 1 7 9
-2 3 1 7 9

-3
-4
-5 6 14 15 16 17 18 19

-2 4 2 3 5 6
-2 4 2 3 5 6
-2 4 2 3 5 6
-2 4 2 3 5 6
-2 4 2 3 5 6
-2 4 2 3 5 6

-3
-4
-5 4 18 19 20 21

-2 1 6

-3 
-4
-5 7 22 23 24 25 26 27 28
-2 28 1 2 3 4 5 6 7 8 9 10 11 12 13 14 15 16 17 18 19 20 21 22 23 24 25 26 27 28
-2 28 1 2 3 4 5 6 7 8 9 10 11 12 13 14 15 16 17 18 19 20 21 22 23 24 25 26 27 28
-2 28 1 2 3 4 5 6 7 8 9 10 11 12 13 14 15 16 17 18 19 20 21 22 23 24 25 26 27 28
-2 28 1 2 3 4 5 6 7 8 9 10 11 12 13 14 15 16 17 18 19 20 21 22 23 24 25 26 27 2

-5 28 1 2 3 4 5 6 7 8 9 10 11 12 13 14 15 16 17 18 19 20 21 22 23 24 25 26 27 28

-2 17 1 2 3 4 5 6 7 8 9 10 11 12 13 14 15 16 28

-5 28 1 2 3 4 5 6 7 8 9 10 11 12 13 14 15 16 17 18 19 20 21 22 23 24 25 26 27 28

-3
-4
-5  16 17 18 19 20 21 22 23 24 25 26 27 28 29 30 31 32

-2 12 18 19 20 21 22 23 24 25 29 30 31 32

-5 16 17 18 19 20 21 22 23 24 25 26 27 28 29 30 31 32

-2 3 17 27 28

-4

-5 2 17 18

-6

 
