ORGANISMOS
1 : 0 2 -1 0 25 -1 0 5 -1 0 4 -1 0 7 -1 0 3 -1 0 8 -1 0 11 -1 0 10 -1 0 9 -1 0 1 -1 0 15 -1 0 14 -1 0 18 -1 0 17 -1 0 19 -1 0 16 -1 0 13 -1 0 20 -1 0 12 -1 0 
2 : 0 70 1 0 11 1 0 10 1 0 23 1 0 16 1 0 25 1 0 17 1 0 65 1 0 32 1 0 52 1 0 47 1 0 5 1 0 41 1 0 99 1 0 33 1 0 66 1 0 92 1 0 55 1 0 12 1 0 6 1 0 21 1 0 95 1 0 2 1 0 
3 : 0 17 1 0 10 -1 0 8 -1 0 7 1 0 2 -1 0 18 -1 0 20 1 0 9 -1 0 
4 : 0 4 -1 0 2 1 0 5 -1 0 1 -1 0 6 1 0 3 1 0 7 -1 0 

RONDA DE EMPAREJAMIENTOS
Nuevos organismos : 2 
// La parella 1-2 genera l'organisme 5 (són compatibles) i la parella 3-4 genera l'organisme 6 (també són compatibles)


ORGANISMOS
1 : 0 2 -1 0 25 -1 0 5 -1 0 4 -1 0 7 -1 0 3 -1 0 8 -1 0 11 -1 0 10 -1 0 9 -1 0 1 -1 0 15 -1 0 14 -1 0 18 -1 0 17 -1 0 19 -1 0 16 -1 0 13 -1 0 20 -1 0 12 -1 0 
2 : 0 70 1 0 11 1 0 10 1 0 23 1 0 16 1 0 25 1 0 17 1 0 65 1 0 32 1 0 52 1 0 47 1 0 5 1 0 41 1 0 99 1 0 33 1 0 66 1 0 92 1 0 55 1 0 12 1 0 6 1 0 21 1 0 95 1 0 2 1 0 
3 : 0 17 1 0 10 -1 0 8 -1 0 7 1 0 2 -1 0 18 -1 0 20 1 0 9 -1 0 
4 : 0 4 -1 0 2 1 0 5 -1 0 1 -1 0 6 1 0 3 1 0 7 -1 0 
5 : 0 2 1 0 4 1 0 3 1 0 8 1 0 10 1 0 9 1 0 26 1 0 28 1 0 27 1 0 30 1 0 29 1 0 1 1 0 33 1 0 34 1 0 32 1 0 31 1 0 35 1 0 15 1 0 14 1 0 16 1 0 13 1 0 20 1 0 12 1 0 
6 : 0 17 1 0 10 -1 0 8 -1 0 7 1 0 2 -1 0 21 1 0 18 1 0 20 1 0 9 -1 0 

RANKING
1 : 2 5
2 : 1 5
3 : 4 6
4 : 3 6
5 :
6 :

// En aquesta ronda es reprodueixen el 1-3, el 2-4 i 5-6. Cap parella és compatible, per tant no es genera cap fill
RONDA DE EMPAREJAMIENTOS
Nuevos organismos : 0

RANKING
1 : 2 5
2 : 1 5
3 : 4 6
4 : 3 6
5 :
6 :

// Comprovem l'estat inicial dels organismes
ORGANISMOS
1 : 0 2 -1 0 25 -1 0 5 -1 0 4 -1 0 7 -1 0 3 -1 0 8 -1 0 11 -1 0 10 -1 0 9 -1 0 1 -1 0 15 -1 0 14 -1 0 18 -1 0 17 -1 0 19 -1 0 16 -1 0 13 -1 0 20 -1 0 12 -1 0 
2 : 0 70 1 0 11 1 0 10 1 0 23 1 0 16 1 0 25 1 0 17 1 0 65 1 0 32 1 0 52 1 0 47 1 0 5 1 0 41 1 0 99 1 0 33 1 0 66 1 0 92 1 0 55 1 0 12 1 0 6 1 0 21 1 0 95 1 0 2 1 0 
3 : 0 17 1 0 10 -1 0 8 -1 0 7 1 0 2 -1 0 18 -1 0 20 1 0 9 -1 0 
4 : 0 4 -1 0 2 1 0 5 -1 0 1 -1 0 6 1 0 3 1 0 7 -1 0 
5 : 0 2 1 0 4 1 0 3 1 0 8 1 0 10 1 0 9 1 0 26 1 0 28 1 0 27 1 0 30 1 0 29 1 0 1 1 0 33 1 0 34 1 0 32 1 0 31 1 0 35 1 0 15 1 0 14 1 0 16 1 0 13 1 0 20 1 0 12 1 0 
6 : 0 17 1 0 10 -1 0 8 -1 0 7 1 0 2 -1 0 21 1 0 18 1 0 20 1 0 9 -1 0 

// Es pot apreciar que els organismes 1 i 2 s'han retallat correctament
ORGANISMOS
1 : 0 2 -1 0 5 -1 0 4 -1 0 3 -1 0 8 -1 0 10 -1 0 9 -1 0 1 -1 0 14 -1 0 17 -1 0 16 -1 0 13 -1 0 12 -1 0 
2 : 0 70 1 0 10 1 0 23 1 0 25 1 0 17 1 0 32 1 0 47 1 0 5 1 0 41 1 0 33 1 0 66 1 0 55 1 0 12 1 0 21 1 0 2 1 0 
3 : 0 17 1 0 10 -1 0 8 -1 0 7 1 0 2 -1 0 18 -1 0 20 1 0 9 -1 0 
4 : 0 4 -1 0 2 1 0 5 -1 0 1 -1 0 6 1 0 3 1 0 7 -1 0 
5 : 0 2 1 0 3 1 0 8 1 0 9 1 0 26 1 0 27 1 0 29 1 0 1 1 0 33 1 0 32 1 0 31 1 0 15 1 0 14 1 0 13 1 0 12 1 0 
6 : 0 17 1 0 10 -1 0 8 -1 0 7 1 0 2 -1 0 21 1 0 18 1 0 20 1 0 9 -1 0 

// Es pot apreciar que només s'han estirat els organismes 3, 4 i 6. El 1 i 2 no s'estiren ja que s'havien retallat anteriorment
ORGANISMOS
1 : 0 2 -1 0 5 -1 0 4 -1 0 3 -1 0 8 -1 0 10 -1 0 9 -1 0 1 -1 0 14 -1 0 17 -1 0 16 -1 0 13 -1 0 12 -1 0 
2 : 0 70 1 0 10 1 0 23 1 0 25 1 0 17 1 0 32 1 0 47 1 0 5 1 0 41 1 0 33 1 0 66 1 0 55 1 0 12 1 0 21 1 0 2 1 0 
3 : 0 21 1 0 17 1 0 22 1 0 10 -1 0 8 -1 0 7 1 0 2 -1 0 18 -1 0 23 1 0 20 1 0 24 1 0 9 -1 0 
4 : 0 8 -1 0 4 -1 0 9 -1 0 2 1 0 10 -1 0 5 -1 0 11 -1 0 1 -1 0 12 1 0 6 1 0 13 1 0 3 1 0 14 -1 0 7 -1 0 15 -1 0 
5 : 0 2 1 0 3 1 0 8 1 0 9 1 0 26 1 0 27 1 0 29 1 0 1 1 0 33 1 0 32 1 0 31 1 0 15 1 0 14 1 0 13 1 0 12 1 0 
6 : 0 22 1 0 17 1 0 23 1 0 10 -1 0 8 -1 0 7 1 0 2 -1 0 24 1 0 21 1 0 25 1 0 18 1 0 26 1 0 20 1 0 27 1 0 9 -1 0 

RONDA DE EMPAREJAMIENTOS
Nuevos organismos : 1


ORGANISMOS
1 : 0 2 -1 0 5 -1 0 4 -1 0 3 -1 0 8 -1 0 10 -1 0 9 -1 0 1 -1 0 14 -1 0 17 -1 0 16 -1 0 13 -1 0 12 -1 0 
2 : 0 70 1 0 10 1 0 23 1 0 25 1 0 17 1 0 32 1 0 47 1 0 5 1 0 41 1 0 33 1 0 66 1 0 55 1 0 12 1 0 21 1 0 2 1 0 
3 : 0 21 1 0 17 1 0 22 1 0 10 -1 0 8 -1 0 7 1 0 2 -1 0 18 -1 0 23 1 0 20 1 0 24 1 0 9 -1 0 
4 : 0 8 -1 0 4 -1 0 9 -1 0 2 1 0 10 -1 0 5 -1 0 11 -1 0 1 -1 0 12 1 0 6 1 0 13 1 0 3 1 0 14 -1 0 7 -1 0 15 -1 0 
5 : 0 2 1 0 3 1 0 8 1 0 9 1 0 26 1 0 27 1 0 29 1 0 1 1 0 33 1 0 32 1 0 31 1 0 15 1 0 14 1 0 13 1 0 12 1 0 
6 : 0 22 1 0 17 1 0 23 1 0 10 -1 0 8 -1 0 7 1 0 2 -1 0 24 1 0 21 1 0 25 1 0 18 1 0 26 1 0 20 1 0 27 1 0 9 -1 0 
7 : 0 2 1 0 4 -1 0 3 -1 0 8 -1 0 1 -1 0 14 1 0 13 1 0 18 1 0 12 1 0 

RANKING
1 : 2 5 4 7
4 : 3 6 1 7
2 : 1 5
3 : 4 6
5 :
6 :
7 :

ORGANISMOS
4 : 0 4 -1 0 2 1 0 5 -1 0 1 -1 0 6 1 0 3 1 0 7 -1 0 

RONDA DE EMPAREJAMIENTOS
Nuevos organismos : 1

ORGANISMOS
1 : 0 2 -1 0 5 -1 0 4 -1 0 3 -1 0 8 -1 0 10 -1 0 9 -1 0 1 -1 0 14 -1 0 17 -1 0 16 -1 0 13 -1 0 12 -1 0 
2 : 0 70 1 0 10 1 0 23 1 0 25 1 0 17 1 0 32 1 0 47 1 0 5 1 0 41 1 0 33 1 0 66 1 0 55 1 0 12 1 0 21 1 0 2 1 0 
3 : 0 21 1 0 17 1 0 22 1 0 10 -1 0 8 -1 0 7 1 0 2 -1 0 18 -1 0 23 1 0 20 1 0 24 1 0 9 -1 0 
4 : 0 4 -1 0 2 1 0 5 -1 0 1 -1 0 6 1 0 3 1 0 7 -1 0 
5 : 0 2 1 0 3 1 0 8 1 0 9 1 0 26 1 0 27 1 0 29 1 0 1 1 0 33 1 0 32 1 0 31 1 0 15 1 0 14 1 0 13 1 0 12 1 0 
6 : 0 22 1 0 17 1 0 23 1 0 10 -1 0 8 -1 0 7 1 0 2 -1 0 24 1 0 21 1 0 25 1 0 18 1 0 26 1 0 20 1 0 27 1 0 9 -1 0 
7 : 0 2 1 0 4 -1 0 3 -1 0 8 -1 0 1 -1 0 14 1 0 13 1 0 18 1 0 12 1 0 
8 : 0 2 1 0 3 1 0 8 1 0 9 1 0 18 1 0 19 1 0 20 1 0 1 1 0 24 1 0 23 1 0 22 1 0 21 1 0 14 1 0 13 1 0 12 1 0 

RANKING
1 : 2 5 4 7 5 8
4 : 3 6 1 7
2 : 1 5
3 : 4 6
5 : 1 8
6 :
7 :
8 :

ORGANISMOS
5 : 0 2 1 0 3 1 0 8 1 0 9 1 0 26 1 0 27 1 0 29 1 0 1 1 0 33 1 0 32 1 0 31 1 0 15 1 0 14 1 0 13 1 0 12 1 0 

RONDA DE EMPAREJAMIENTOS
Nuevos organismos : 2

RONDA DE EMPAREJAMIENTOS
Nuevos organismos : 3

RONDA DE EMPAREJAMIENTOS
Nuevos organismos : 4

RANKING
1 : 2 5 4 7 5 8 7 11 8 14
2 : 1 5 5 9 8 12 7 15
4 : 3 6 1 7 7 10
7 : 4 10 1 11 2 15
3 : 4 6 6 16
5 : 1 8 2 9
8 : 2 12 1 14
9 : 10 13 11 17
6 : 3 16
10 : 9 13
11 : 9 17
12 :
13 :
14 :
15 :
16 :
17 :

RONDA DE EMPAREJAMIENTOS
Nuevos organismos : 3

FIN

Organismos en total : 20
Organismos vivos : 20

ORGANISMOS
18 : 0 2 1 0 3 1 0 8 1 0 9 1 0 18 1 0 19 1 0 20 1 0 1 1 0 24 1 0 23 1 0 22 1 0 21 1 0 14 1 0 13 1 0 12 1 0 
19 : 0 2 1 0 3 1 0 8 1 0 9 1 0 26 1 0 27 1 0 29 1 0 1 1 0 33 1 0 32 1 0 31 1 0 15 1 0 14 1 0 34 1 0 13 1 0 36 1 0 35 1 0 37 1 0 12 1 0 
20 : 0 70 1 0 10 1 0 23 1 0 25 1 0 17 1 0 32 1 0 72 1 0 71 1 0 73 1 0 5 1 0 75 1 0 74 1 0 76 1 0 33 1 0 66 1 0 55 1 0 12 1 0 21 1 0 2 1 0 

RANKING
1 : 2 5 4 7 5 8 7 11 8 14 9 18
2 : 1 5 5 9 8 12 7 15
7 : 4 10 1 11 2 15 5 19
4 : 3 6 1 7 7 10
5 : 1 8 2 9 7 19
9 : 10 13 11 17 1 18
3 : 4 6 6 16
8 : 2 12 1 14
6 : 3 16
10 : 9 13
11 : 9 17
13 : 14 20
14 : 13 20
12 :
15 :
16 :
17 :
18 :
19 :
20 :

